4 3 6   9[  8] 
4 3 8   9[  8] 
4 3 8 10   9[ 15] 
8
9 6 3   4[  8] 
9 6 5   4[ 15] 
8
---------------
7   6[  9] 
7 8   6[  8] 
7 8 3   6[  7] 
7 8 5   6[  9] 
7 8 9   6[  9] 
7
6   7[  9] 
6 8   7[  8] 
6 8 10   7[ 20] 
8
---------------
1   2[  3] 
1 8   2[  3] 
1 8 3   2[ 13] 
1 8 5   2[ 13] 
3
2   1[  3] 
2 8   1[  3] 
3
---------------
7   8[  1] 
7 6   8[ 16] 
7 10   8[ 13] 
7 6 3   8[ 15] 
7 6 5   8[ 17] 
7 6 9   8[ 17] 
7 6 3 2   8[ 25] 
7 6 3 2 1   8[ 29] 
1
8   7[  1] 
8 6   7[ 16] 
8 10   7[ 13] 
1
---------------
7  10[  4] 
7 8  10[ 10] 
7 6 9  10[ 15] 
4
10   7[  4] 
10 8   7[ 10] 
10 8 6   7[ 25] 
4
---------------
10   7[  4] 
10 8   7[ 10] 
10 8 6   7[ 25] 
4
7  10[  4] 
7 8  10[ 10] 
7 6 9  10[ 15] 
4
---------------
3   8[  1] 
3 2   8[ 11] 
3 5   8[ 12] 
3 6   8[ 12] 
3 2 1   8[ 15] 
3 6 7   8[ 15] 
3 6 9   8[ 13] 
3 6 7 10   8[ 27] 
1
8   3[  1] 
8 2   3[ 11] 
8 5   3[ 12] 
8 6   3[ 12] 
8 5 4   3[ 16] 
1
---------------
5   2[  6] 
5 3   2[ 17] 
5 8   2[  6] 
5 8 1   2[ 10] 
6
2   5[  6] 
2 3   5[ 17] 
2 8   5[  6] 
2 3 4   5[ 21] 
2 3 6   5[ 18] 
6
---------------
4 3   8[  2] 
4 5   8[ 15] 
4 3 2   8[ 12] 
4 3 6   8[ 13] 
4 3 2 1   8[ 16] 
4 3 6 7   8[ 16] 
4 3 6 9   8[ 14] 
4 3 6 7 10   8[ 28] 
2
8 3   4[  2] 
8 5   4[ 15] 
2
---------------
4   5[ 10] 
4 3   5[  8] 
4 3 2   5[ 17] 
4 3 6   5[  9] 
4 3 8   5[  7] 
7
5   4[ 10] 
5 3   4[  8] 
8
---------------

       1   2   3   4   5   6   7   8   9  10
   1  -1   3  -1  -1  -1  -1  -1   2  -1  -1
   2   3  -1  10  -1   6  -1  -1   1  -1  -1
   3  -1  10  -1   1   7   5  -1   1  -1  -1
   4  -1  -1   1  -1  10  -1  -1  -1  -1  -1
   5  -1   6   7  10  -1   3  -1   5  -1  -1
   6  -1  -1   5  -1   3  -1   9   7   2  -1
   7  -1  -1  -1  -1  -1   9  -1   1  -1   4
   8   2   1   1  -1   5   7   1  -1   6   9
   9  -1  -1  -1  -1  -1   2  -1   6  -1   4
  10  -1  -1  -1  -1  -1  -1   4   9   4  -1
